00000000000000000000000000000000
00000000000000000000000000000000
00000000000000000000000000000000
00000000000000000111110000000000
00000000000000000111111000000000
00000000000000011111111000000000
00000000000000011111011110000000
00000000000001111111101110000000
00000000000011111111011110000000
00000000000011110111100110000000
00000000000111101001000111000000
00000000001111100010000110000000
00000000011111000000000111100000
00000000101100000000000111100000
00000000111000000000000111000000
00000001110000000000000111100000
00000001110000000000000111000000
00000011101000000000000111100000
00000001100000000000000110000000
00000011100000000000010110000000
00000011100000000000011110000000
00000011100000000001111000000000
00000010100000000101010000000000
00000011100000100111100000000000
00000011111001011110100000000000
00000011110111111101000000000000
00000001111111110100000000000000
00000001111111010000000000000000
00000000011110100000000000000000
00000000000000000000000000000000
00000000000000000000000000000000
00000000000000000000000000000000
