0000000000000000000000000000000000000000000000000000000000000000
0000000000000000000000000000000000000000000000000000000000000000
0000000000000000000000000000000000000000000000000000000000000000
0000000000000000000000000000000000000000000000000000000000000000
0000000000000000000000000000000000000000000000000000000000000000
0000000000000000000000111000000000000000000000000000001110000000
0000000000000000000001111000000000000000000000000000011110000000
0000000000000000000011110000000000000000000000000000111100000000
0000000000000000000011111000000000000000000000000000111110000000
0000000000000000000011100000000000000000000000000000111000000000
0000000000000000001111000000000000000000000000000011110000000000
0000000000000000001111000000000000000000000000000011110000000000
0000000000000000010110100000000000000000000000000101101000000000
0000000000000000011110000000000000000000000000000111100000000000
0000000000000000111100000000000000000000000000001111000000000000
0000000000000000111000000000000000000000000000001110000000000000
0000000000000001111000000000000000000000000000011110000000000000
0000000000000011110000000000000000000000000000111100000000000000
0000000000000111101000000000000000000000000001111010000000000000
0000000000000111100000000000000000000000000001111000000000000000
0000000000001111100000000000000000000000000011111000000000000000
0000000000011111000000000000000000000000000111110000000000000000
0000000000001110000000000000000000000000000011100000000000000000
0000000000011110000000000000000000000000000111100000000000000000
0000000000111110000000000000000000000000001111100000000000000000
0000000000111100000000000000000000000000001111000000000000000000
0000000000111000000000000000000000000000001110000000000000000000
0000000000111100000000000000000000000000001111000000000000000000
0000000000111000000000000000000000000000001110000000000000000000
0000000000001000000000000000000000000000000010000000000000000000
0000000000000000000000000000000000000000000000000000000000000000
0000000000000000000000000000000000000000000000000000000000000000
